2.281818181818181746e+00
2.281818181818181746e+00
2.327272727272727160e+00
2.327272727272727160e+00
2.254545454545454408e+00
2.254545454545454408e+00
2.290909090909091006e+00
2.290909090909091006e+00
2.254545454545454408e+00
2.254545454545454408e+00
2.318181818181818343e+00
2.318181818181818343e+00
2.309090909090909083e+00
2.309090909090909083e+00
2.181818181818181657e+00
2.181818181818181657e+00
2.045454545454545414e+00
2.045454545454545414e+00
2.218181818181818254e+00
2.218181818181818254e+00
2.381818181818181834e+00
2.381818181818181834e+00
2.263636363636363669e+00
2.263636363636363669e+00
2.299999999999999822e+00
2.299999999999999822e+00
2.354545454545454497e+00
2.354545454545454497e+00
2.281818181818181746e+00
2.281818181818181746e+00
2.372727272727272574e+00
2.372727272727272574e+00
2.299999999999999822e+00
2.299999999999999822e+00
2.327272727272727160e+00
2.327272727272727160e+00
2.454545454545454586e+00
2.454545454545454586e+00
2.472727272727272663e+00
2.472727272727272663e+00
2.327272727272727160e+00
2.327272727272727160e+00
2.309090909090909083e+00
2.309090909090909083e+00
2.363636363636363757e+00
2.363636363636363757e+00
2.381818181818181834e+00
2.381818181818181834e+00
2.263636363636363669e+00
2.263636363636363669e+00
2.227272727272727071e+00
2.227272727272727071e+00
2.109090909090908905e+00
2.109090909090908905e+00
2.118181818181818166e+00
2.118181818181818166e+00
2.118181818181818166e+00
2.118181818181818166e+00
2.118181818181818166e+00
2.118181818181818166e+00
2.018181818181818077e+00
2.018181818181818077e+00
2.018181818181818077e+00
2.018181818181818077e+00
1.927272727272727249e+00
1.927272727272727249e+00
1.936363636363636287e+00
1.936363636363636287e+00
2.018181818181818077e+00
2.018181818181818077e+00
2.009090909090909260e+00
2.009090909090909260e+00
2.072727272727272751e+00
2.072727272727272751e+00
2.072727272727272751e+00
2.072727272727272751e+00
2.054545454545454675e+00
2.054545454545454675e+00
2.027272727272727337e+00
2.027272727272727337e+00
2.036363636363636154e+00
2.036363636363636154e+00
1.963636363636363624e+00
1.963636363636363624e+00
1.872727272727272796e+00
1.872727272727272796e+00
2.063636363636363491e+00
2.063636363636363491e+00
2.645454545454545503e+00
2.645454545454545503e+00
2.927272727272727249e+00
2.927272727272727249e+00
2.618181818181818166e+00
2.618181818181818166e+00
2.145454545454545503e+00
2.145454545454545503e+00
1.954545454545454586e+00
1.954545454545454586e+00
2.036363636363636154e+00
2.036363636363636154e+00
1.918181818181818210e+00
1.918181818181818210e+00
1.863636363636363535e+00
1.863636363636363535e+00
1.881818181818181834e+00
1.881818181818181834e+00
1.918181818181818210e+00
1.918181818181818210e+00
2.027272727272727337e+00
2.027272727272727337e+00
2.036363636363636154e+00
2.036363636363636154e+00
2.009090909090909260e+00
2.009090909090909260e+00
1.972727272727272663e+00
1.972727272727272663e+00
2.054545454545454675e+00
2.054545454545454675e+00
2.100000000000000089e+00
2.100000000000000089e+00
2.154545454545454763e+00
2.154545454545454763e+00
2.136363636363636243e+00
2.136363636363636243e+00
2.190909090909090917e+00
2.190909090909090917e+00
2.281818181818181746e+00
2.281818181818181746e+00
2.299999999999999822e+00
2.299999999999999822e+00
2.227272727272727071e+00
2.227272727272727071e+00
2.372727272727272574e+00
2.372727272727272574e+00
2.290909090909091006e+00
2.290909090909091006e+00
2.290909090909091006e+00
2.290909090909091006e+00
2.209090909090908994e+00
2.209090909090908994e+00
2.054545454545454675e+00
2.054545454545454675e+00
2.318181818181818343e+00
2.318181818181818343e+00
2.372727272727272574e+00
2.372727272727272574e+00
2.609090909090908905e+00
2.609090909090908905e+00
2.863636363636363757e+00
2.863636363636363757e+00
3.100000000000000089e+00
3.100000000000000089e+00
3.990909090909090740e+00
3.990909090909090740e+00
4.636363636363636687e+00
4.636363636363636687e+00
4.190909090909090473e+00
4.190909090909090473e+00
