3.727272727272727071e+00
3.727272727272727071e+00
5.481818181818181479e+00
5.481818181818181479e+00
7.854545454545454497e+00
7.854545454545454497e+00
1.110909090909090935e+01
1.110909090909090935e+01
1.454545454545454497e+01
1.454545454545454497e+01
1.870909090909091077e+01
1.870909090909091077e+01
2.271818181818181870e+01
2.291818181818181799e+01
2.511818181818181728e+01
2.521818181818181870e+01
2.592727272727272592e+01
2.600000000000000000e+01
2.622727272727272663e+01
2.643636363636363740e+01
2.682727272727272805e+01
2.707272727272727408e+01
2.735454545454545539e+01
2.825454545454545396e+01
3.050909090909090793e+01
3.270000000000000284e+01
3.973636363636363455e+01
4.328181818181818130e+01
5.002727272727272378e+01
5.356363636363636260e+01
5.996363636363636118e+01
6.121818181818181870e+01
6.465454545454545610e+01
6.570909090909090366e+01
7.038181818181817562e+01
7.132727272727272805e+01
7.816363636363635692e+01
7.995454545454545325e+01
8.494545454545455243e+01
8.682727272727272805e+01
9.163636363636364024e+01
9.363636363636364024e+01
9.667272727272727195e+01
9.740909090909090651e+01
9.561818181818182438e+01
9.470909090909090366e+01
9.106363636363636260e+01
8.912727272727272521e+01
8.570909090909090366e+01
8.379999999999999716e+01
8.025454545454545041e+01
7.853636363636363171e+01
7.521818181818181870e+01
7.409090909090909349e+01
7.252727272727273089e+01
7.229999999999999716e+01
7.182727272727272805e+01
7.187272727272727479e+01
7.205454545454544757e+01
7.270000000000000284e+01
7.399090909090908497e+01
7.460909090909090935e+01
7.663636363636364024e+01
7.748181818181818414e+01
8.056363636363636260e+01
8.233636363636364308e+01
8.773636363636363455e+01
9.002727272727273089e+01
9.690909090909090651e+01
9.990909090909090651e+01
1.076272727272727252e+02
1.111818181818181870e+02
1.163818181818181756e+02
1.201272727272727252e+02
1.240272727272727309e+02
1.273909090909090907e+02
1.299818181818181699e+02
1.327454545454545496e+02
1.349818181818181699e+02
1.369545454545454675e+02
1.383454545454545439e+02
1.400363636363636317e+02
1.420000000000000000e+02
1.428909090909091049e+02
1.438636363636363740e+02
1.450818181818181927e+02
1.461909090909090878e+02
1.469818181818181699e+02
1.477909090909090821e+02
1.485000000000000000e+02
1.490636363636363626e+02
1.492909090909090821e+02
1.494545454545454675e+02
1.494363636363636374e+02
1.498363636363636431e+02
1.498909090909091049e+02
1.499727272727272691e+02
1.499727272727272691e+02
1.500000000000000000e+02
1.500000000000000000e+02
1.500000000000000000e+02
1.500000000000000000e+02
1.500000000000000000e+02
1.500000000000000000e+02
1.500000000000000000e+02
1.500000000000000000e+02
1.500000000000000000e+02
1.500000000000000000e+02
1.500000000000000000e+02
1.500000000000000000e+02
1.500000000000000000e+02
1.500000000000000000e+02
1.500000000000000000e+02
1.500000000000000000e+02
1.500000000000000000e+02
1.500000000000000000e+02
1.499909090909090992e+02
1.499545454545454675e+02
1.497909090909090821e+02
1.495818181818181927e+02
1.494727272727272691e+02
1.494909090909090992e+02
1.470999999999999943e+02
1.464727272727272691e+02
1.403363636363636431e+02
1.402363636363636488e+02
1.338272727272727138e+02
1.332272727272727195e+02
1.275090909090909150e+02
1.270999999999999943e+02
1.246181818181818244e+02
1.243545454545454589e+02
1.227363636363636346e+02
1.223454545454545439e+02
1.203727272727272748e+02
1.185545454545454476e+02
1.158636363636363598e+02
1.139363636363636374e+02
1.110000000000000000e+02
1.090363636363636317e+02
1.060999999999999943e+02
1.038909090909090907e+02
1.003818181818181756e+02
9.800909090909091503e+01
9.391818181818182154e+01
9.046363636363636829e+01
8.570000000000000284e+01
8.229999999999999716e+01
7.717272727272727195e+01
7.331818181818181301e+01
6.844545454545455243e+01
6.512727272727272521e+01
6.055454545454545467e+01
5.687272727272727479e+01
5.251818181818181586e+01
4.966363636363636402e+01
4.526363636363636545e+01
4.235454545454545183e+01
